11&nbsp;435
0
0
2&nbsp;779
0
2&nbsp;777
1&nbsp;705
27
0
403
0
5&nbsp;041
376
842
2&nbsp;607
0
8&nbsp;356
0
5&nbsp;076
0
0
72
29
41
13
46
46
0
291
245
0
24
43
95
24
28
10
143
145
99
30
85
12
8
148
206
257
15
28
17
133
40
17
30
17
30
5
64
14
88
93
1
3
0
2
11
4
295
782
39
0
59
16&nbsp;290
0
152
945
661
392
0
387
0
55
0
41
16
12
33
138
1
1
0
2
622
35
0
78
23
80
111
33
35
66
0
0
0
872
413
0
0
951
0
6
175
129
137
39
3
168
101
8
0
76
0
0
135
10
0
0
162
137
4
4
164
55
38
27
66
0
3
0
0
166
4
0
0
0
8
5
77
10
10
18
78
18
29
46
24
1
3
8
3
2
14
6
4
13
4
7
11
92
16
11
6
12
4
11
3
7
4
8
8
8
5
5
7
6
7
9
4
12
5
6
4
11
4
6
4
7
3
3
10
1
3
11
12
12
6
8
10
4
5
12
17
4
11
2
6
14
4
9
4
2
9
3
6
4
4
4
10
4
5
7
4
5
3
4
9
1
1
1
1
1
1
1
1
1
1
3
0
0
438
3&nbsp;682
1&nbsp;007
2&nbsp;276
7
0
437
339
4&nbsp;572
0
84
516
586
144
0
121
475
105
713
2&nbsp;100
12
108
130
270
121
15
906
216
81
0
99
0
0
95
0
61
23
0
0
101
0
23&nbsp;500
40
347
232
47
53
46
43
13
16
48
10
94
18
27
80
23
43
5
16
110
0
226
0
0
0
953
398
0
0
0
55
1&nbsp;169
70
131
0
0
0
181
177
95
250
156
101
17
188
53
39
64
115
0
0
13
34
0
25
0
47
8
0
2
0
91
5
0
146
6
3
103
363
48
244
235
240
69
157
211
118
279
76
160
126
79
43
172
49
269
146
44
261
0
1
31
92
65
207
219
27
0
16
78
19
12
26
0
18
0
46
16
20
50
0
17
0
20
0
16
17
4
8
0
16
19
8
2
0
2
0
4
7
3
3
23
5
40
4
0
16
3
1
4
0
8
0
7
20
20
23
19
25
30
23
18
13
22
15
9
22
2
25
5
27
24
15
19
24
7
17
13
26
18
9
13
20
31
11
257
8
1
11
0
1
1
1
1
1
1
1
18
1
0
0
1
1
1
1
1
1
1
1
1
2
1
1
0
1
1
1
1
1
0
1
1
1
1
1
1
1
0
1
1
1
1
1
1
1
1
1
1
1
1
1
1
1
1
0
1
1
2
0
1
0
1
1
1
1
1
1
1
1
1
1
1
1
1
1
1
1
1
1
1
1
1
1
0
0
0
4
1
12
10
0
2
0
0
1
20
0
3
0
2
1
0
1
1
1
1
1
12
1
1
1
1
1
1
1
1
1
1
0
1
1
1
1
1
1
1
1
1
1
1
1
1
1
1
1
1
1
0
625
0
233
0
223
831
0
41
0
0
167
24
11
48
0
6
10
822
0
0
0
11
4
4
3
2
8
14
7
5
19
2
1
9
9
17
14&nbsp;153
15&nbsp;239
2&nbsp;537
2&nbsp;476
5&nbsp;943
4&nbsp;284
7&nbsp;819
0
1&nbsp;934
165
924
0
5&nbsp;257
0
0
0
0
0
1&nbsp;451
673
692
170
2&nbsp;190
143
99
0
63
0
0
342
63
616
413
3&nbsp;350
68
0
995
55
1&nbsp;365
137
148
435
486
70
97
197
102
55
223
103
177
227
92
0
0
62
29
90
465
326
45
208
188
292
366
399
108
530
449
124
0
170
128
18
230
721
4
14
29
0
4
409
59
602
738
118
0
71
251
14
1&nbsp;006
12
562
4&nbsp;537
210
0
461
999
1&nbsp;174
1&nbsp;163
25
368
592
304
2&nbsp;679
1&nbsp;305
1&nbsp;687
55
241
145
0
137
792
49
426
54
161
134
498
1&nbsp;000
154
202
444
475
322
663
463
589
8
0
1&nbsp;688
283
0
0
214
2&nbsp;029
46
76
165
35
225
313
24
153
176
91
500
451
74
81
0
0
115
40
74
70
24
70
18
19
86
94
71
185
0
0
0
36
71
65
6
54
95
6
97
0
237
4
55
27
40
0
81
220
3
0
0
1
11
10
0
191
6
300
47
440
0
439
239
200
2
0
164
1
0
1
0
1
1
1
4&nbsp;489
21&nbsp;943
0
80
0
0
713
16
0
202
1&nbsp;731
4&nbsp;551
653
1&nbsp;231
301
149
17
0
1&nbsp;147
6&nbsp;575
57
687
0
0
0
18
3
57
56
482
144
47
110
0
102
67
0
71
107
210
85
0
0
29
0
60
6
16
15
93
49
76
0
7
49
55
8
1
31
12
0
9
15
6
2
46
0
3
8
5
15
0
0
0
1
0
0
3
0
2
0
0
1
5
8
1
3
1
0
0
0
1
3
1
0
1
0
1
0
1
0
1
2
2
1
0
1
1
1
10
0
0
1
0
1
0
1
1
1
1
1
1
1
1
0
2&nbsp;751
2&nbsp;686
3&nbsp;851
621
1&nbsp;409
886
3&nbsp;272
1&nbsp;670
2&nbsp;605
690
370
0
0
0
2&nbsp;288
0
1&nbsp;145
119
2&nbsp;075
4&nbsp;746
23&nbsp;718
4&nbsp;543
23&nbsp;567
1&nbsp;512
0
1&nbsp;796
851
12&nbsp;255
5&nbsp;467
1&nbsp;210
1&nbsp;404
311
452
679
103
1&nbsp;834
433
0
374
222
39
0
36
119
0
501
3&nbsp;962
481
282
966
0
380
0
310
244
190
466
233
283
0
750
941
689
0
1&nbsp;688
48
116
196
203
119
104
180
102
126
76
1
73
41
5&nbsp;299
1&nbsp;292
239
3&nbsp;106
2&nbsp;149
312
600
101
198
8&nbsp;903
706
390
783
97
4
4&nbsp;812
0
138
217
299
18
312
0
1&nbsp;284
133
0
293
67
4
124
41
47
241
48
60
9
47
61
5
8
0
0
0
2
15
1
0
6
10
1
6
1
25
173
47
116
0
0
0
108
0
96
4
133
0
19
100
0
141
13
28
0
29
171
90
0
0
14
63
6
8
0
0
37
0
0
0
8
71
119
13
8
1
0
1
0
0
0
0
3
5
0
0
0
0
4
37
0
0
1
0
1
11
0
0
1
1
0
0
7
2
1
0
1
1
1
2
17
24
1
0
1
0
1
4
1
1
0
2
1
1
1
1
1
1
1
1
1
1
1
1
1
1
1
1
1
1
1
168
39&nbsp;010
8&nbsp;772
20&nbsp;643
65&nbsp;969
0
20&nbsp;235
7&nbsp;042
32&nbsp;437
0
4&nbsp;688
7&nbsp;848
4&nbsp;088
19&nbsp;869
694
16&nbsp;638
832
0
902
1&nbsp;426
6&nbsp;490
12&nbsp;302
84&nbsp;829
2&nbsp;303
0
43&nbsp;281
10&nbsp;699
19&nbsp;779
3&nbsp;510
25&nbsp;343
23&nbsp;086
288
123
135
920
95&nbsp;351
60&nbsp;067
578&nbsp;294
243&nbsp;311
119&nbsp;541
3&nbsp;611
2&nbsp;133
0
0
27&nbsp;291
1&nbsp;929
970
1&nbsp;549
20&nbsp;898
1&nbsp;927
1&nbsp;099
8&nbsp;983
1&nbsp;219
8&nbsp;525
2&nbsp;257
11&nbsp;348
12&nbsp;943
3&nbsp;031
58&nbsp;120
25&nbsp;279
22&nbsp;687
53&nbsp;717
11&nbsp;440
12&nbsp;802
82&nbsp;059
0
29&nbsp;194
1&nbsp;109
1&nbsp;200
20&nbsp;421
0
5&nbsp;849
3&nbsp;106
553
738
1&nbsp;867
923
1&nbsp;621
19
30
112
9
9&nbsp;839
35&nbsp;769
193
153
109
112
14
61
201
0
41
1&nbsp;262
0
819
331
0
1&nbsp;807
53
0
214
187
24
16
189
106
45&nbsp;808
0
1&nbsp;095
18&nbsp;426
5&nbsp;234
1&nbsp;066
0
7
49
201
271
82
0
282
174
38
7
12
7
7
63
8
15
14
15
15
7
14
11
8
14
3
10
14
3
6
1
7
0
2
1
1
5
1
1
1
1
3
1
1
1
1
1
1
1
1
1
1
1
1
1
1
1
1
1&nbsp;088
0
1&nbsp;632
58
0
0
410
0
0
0
0
0
121
208
218
5
543
0
223
0
0
18
0
0
0
30
0
0
0
39
0
31
709
39
0
0
0
0
0
1
0
0
18
0
136
0
0
0
13
0
0
0
0
0
0
0
0
4
0
0
0
0
11&nbsp;566
0
939
4&nbsp;919
1&nbsp;144
439
437
1&nbsp;493
19
929
255
1&nbsp;052
93
246
0
0
34
102
8
305
80
87
